%YAML:1.0
cameraMatrix: !!opencv-matrix
   rows: 3
   cols: 3
   dt: d
   data: [ 2.3286655882129949e+03, 0., 1.2412569347040467e+03, 0.,
       2.3496417217122744e+03, 9.8325806724948768e+02, 0., 0., 1. ]
distortionCoefficients: !!opencv-matrix
   rows: 1
   cols: 5
   dt: d
   data: [ -7.3734196187267120e-02, 1.0596381717382129e-01,
       -5.1770928338097516e-03, -3.0028831625802830e-03, 0. ]
rotation: !!opencv-matrix
   rows: 3
   cols: 3
   dt: d
   data: [ 1., 0., 0., 0., 1., 0., 0., 0., 1. ]
projection: !!opencv-matrix
   rows: 4
   cols: 4
   dt: d
   data: [ 2.3110112304687500e+03, 0., 1.2335651891333982e+03, 0., 0.,
       2.3288566894531250e+03, 9.7289085028339468e+02, 0., 0., 0., 1.,
       0., 0., 0., 0., 6.9121890894902780e-310 ]
