%YAML:1.0
---
ws1_frame: !!opencv-matrix
   rows: 4
   cols: 4
   dt: d
   data: [ -1.5140026929147954e-02, -9.9988516831168350e-01,
       -6.5557219367828878e-04, -1.9965261650159050e-02,
       -7.1738268824931539e-01, 1.1319156322555424e-02,
       -6.9658736372427188e-01, 2.4312425051210915e-01,
       6.9651479394537641e-01, -1.0076055302647269e-02,
       -7.1747168231559333e-01, 3.4134182396297654e+00, 0., 0., 0., 1. ]
