%YAML:1.0
---
RGB0_rgb_optical_frame: !!opencv-matrix
   rows: 4
   cols: 4
   dt: d
   data: [ 9.9997900942358364e-01, 9.4310527701918707e-04,
       -6.4102468489850911e-03, 4.2012603892748737e-04,
       -1.0831380418012172e-03, 9.9976008537064642e-01,
       -2.1876894470198867e-02, -4.9182653347283931e-02,
       6.3880767223686149e-03, 2.1883378443793212e-02,
       9.9974012134337931e-01, -2.2629171839287331e-02, 0., 0., 0., 1. ]
