%YAML:1.0
---
cameraMatrix: !!opencv-matrix
   rows: 3
   cols: 3
   dt: d
   data: [ 6.7745268370562326e+02, 0., 3.1474706025135572e+02, 0.,
       6.7867931642296685e+02, 2.2231763053375769e+02, 0., 0., 1. ]
distortionCoefficients: !!opencv-matrix
   rows: 1
   cols: 5
   dt: d
   data: [ -4.3270310694966235e-01, 1.9660384292743624e-01,
       3.3519961986606679e-04, 6.0955724111633625e-04, 0. ]
rotation: !!opencv-matrix
   rows: 3
   cols: 3
   dt: d
   data: [ 1., 0., 0., 0., 1., 0., 0., 0., 1. ]
projection: !!opencv-matrix
   rows: 4
   cols: 4
   dt: d
   data: [ 6.0586059570312500e+02, 0., 3.1385724320949521e+02, 0., 0.,
       6.3931207275390625e+02, 2.2019513226700110e+02, 0., 0., 0., 1.,
       0., 0., 0., 0., 6.9497484149903634e-310 ]
