%YAML:1.0
---
cameraMatrix: !!opencv-matrix
   rows: 3
   cols: 3
   dt: d
   data: [ 2.3103476015277647e+03, 0., 1.2395244644935417e+03, 0.,
       2.3314444555125915e+03, 9.9713600842849348e+02, 0., 0., 1. ]
distortionCoefficients: !!opencv-matrix
   rows: 1
   cols: 5
   dt: d
   data: [ -5.8598737850916419e-02, 8.2507020034093131e-02,
       -1.3246873302681236e-03, -3.5341371337045251e-04, 0. ]
rotation: !!opencv-matrix
   rows: 3
   cols: 3
   dt: d
   data: [ 1., 0., 0., 0., 1., 0., 0., 0., 1. ]
projection: !!opencv-matrix
   rows: 4
   cols: 4
   dt: d
   data: [ 2.2915358886718750e+03, 0., 1.2385203428945388e+03, 0., 0.,
       2.3119611816406250e+03, 9.9495305874220503e+02, 0., 0., 0., 1.,
       0., 0., 0., 0., 6.9168574802304016e-310 ]
