%YAML:1.0
---
RGB0_rgb_optical_frame: !!opencv-matrix
   rows: 4
   cols: 4
   dt: d
   data: [ 9.9997900942358364e-01, 9.4310527701918663e-04,
       -6.4102468489850893e-03, 4.2012603892748737e-04,
       -1.0831380418012168e-03, 9.9976008537064642e-01,
       -2.1876894470198867e-02, -4.9182653347283931e-02,
       6.3880767223686132e-03, 2.1883378443793212e-02,
       9.9974012134337931e-01, -2.2629171839287331e-02, 0., 0., 0., 1. ]
RGB1_rgb_optical_frame: !!opencv-matrix
   rows: 4
   cols: 4
   dt: d
   data: [ 9.9993763007796499e-01, 1.6402222455421207e-03,
       -1.1047426173005859e-02, 3.6083892620112376e-04,
       -1.5451944344647799e-03, 9.9996178369115396e-01,
       8.6048551042700212e-03, -3.9779410395674598e-02,
       1.1061117855916968e-02, -8.5872479986903553e-03,
       9.9990195061495235e-01, 1.8551838777153787e-03, 0., 0., 0., 1. ]
