%YAML:1.0
cameraMatrix: !!opencv-matrix
   rows: 3
   cols: 3
   dt: d
   data: [ 6.7690291528267096e+02, 0., 3.1477195981003200e+02, 0.,
       6.7613651583290107e+02, 2.0520698758807595e+02, 0., 0., 1. ]
distortionCoefficients: !!opencv-matrix
   rows: 1
   cols: 5
   dt: d
   data: [ -4.2905565402148949e-01, 1.9397980740413406e-01,
       8.7320140858332407e-04, -6.3707119952063408e-04, 0. ]
rotation: !!opencv-matrix
   rows: 3
   cols: 3
   dt: d
   data: [ 1., 0., 0., 0., 1., 0., 0., 0., 1. ]
projection: !!opencv-matrix
   rows: 4
   cols: 4
   dt: d
   data: [ 6.0457568359375000e+02, 0., 3.1252589306031587e+02, 0., 0.,
       6.3370208740234375e+02, 2.0075425173326948e+02, 0., 0., 0., 1.,
       0., 0., 0., 0., 6.9304382532925794e-310 ]
