%YAML:1.0
---
cameraMatrix: !!opencv-matrix
   rows: 3
   cols: 3
   dt: d
   data: [ 2.3893668721445661e+03, 0., 1.2035084970023902e+03, 0.,
       2.3702041393075556e+03, 8.7631788868655690e+02, 0., 0., 1. ]
distortionCoefficients: !!opencv-matrix
   rows: 1
   cols: 5
   dt: d
   data: [ -6.4863305589604736e-02, 9.1471463837572473e-02,
       -5.2543719824721486e-03, -3.8421146673361413e-04, 0. ]
rotation: !!opencv-matrix
   rows: 3
   cols: 3
   dt: d
   data: [ 1., 0., 0., 0., 1., 0., 0., 0., 1. ]
projection: !!opencv-matrix
   rows: 4
   cols: 4
   dt: d
   data: [ 2.3716889648437500e+03, 0., 1.2027528506157396e+03, 0., 0.,
       2.3435593261718750e+03, 8.6763338477573416e+02, 0., 0., 0., 1.,
       0., 0., 0., 0., 6.9211014718123322e-310 ]
