%YAML:1.0
---
cameraMatrix: !!opencv-matrix
   rows: 3
   cols: 3
   dt: d
   data: [ 2.3790304036383468e+03, 0., 1.2329925052947269e+03, 0.,
       2.3715787573246430e+03, 9.2575360313292822e+02, 0., 0., 1. ]
distortionCoefficients: !!opencv-matrix
   rows: 1
   cols: 5
   dt: d
   data: [ -6.6821645821009995e-02, 9.1570146929461485e-02,
       -2.6979951373756520e-03, -1.8253474437992787e-03, 0. ]
rotation: !!opencv-matrix
   rows: 3
   cols: 3
   dt: d
   data: [ 1., 0., 0., 0., 1., 0., 0., 0., 1. ]
projection: !!opencv-matrix
   rows: 4
   cols: 4
   dt: d
   data: [ 2.3558952636718750e+03, 0., 1.2287897724233044e+03, 0., 0.,
       2.3481745605468750e+03, 9.2113011885792366e+02, 0., 0., 0., 1.,
       0., 0., 0., 0., 6.9083694970665405e-310 ]
